,Actual Age,Predicted Age
753,3,3.685
3811,10,10.39288562797086
657,10,11.69305382749385
3710,6,6.694647435897436
185,11,11.758999417249415
1929,14,16.286309523809525
2243,8,12.003586451960512
2468,9,9.703141572587304
2915,11,13.191165226498152
1175,9,10.565159512719468
1424,7,7.083295277910495
2420,9,11.465850939390092
1687,9,10.710539372753994
3413,9,9.585238515966346
3386,10,9.59553166703508
2479,6,5.8925
3249,10,9.58114248655261
2474,7,7.646760567161338
501,23,12.263904761904762
2097,6,7.151241914104415
883,8,8.973287301587302
2516,17,11.339582271161136
3828,8,9.332193223443223
174,10,9.58515155693604
728,9,11.395381209706365
3253,9,9.179199855049493
2951,7,9.45615093606657
3202,14,13.342424579075894
1127,10,8.53
2238,9,9.604525758934622
3802,10,14.453323303849468
3582,10,11.894807973794585
3409,8,7.663518819344906
2631,9,9.023931087187666
3511,14,10.804951143754543
1418,8,7.553294973544974
3278,5,5.7325
2814,9,11.760617521367521
2959,10,9.040027879687363
10,6,6.755
2316,9,11.213312061673305
1904,7,9.471932007534953
2297,12,8.860814303751805
520,8,8.415114105339104
1244,11,10.029039618907444
3064,8,8.662180134283398
944,8,9.606272105690625
3009,16,13.99534523809524
3240,10,9.87125
1921,8,7.283299955597019
1882,12,13.672793493543493
362,8,9.610233211233213
351,13,10.417930382091557
551,8,9.845918131868133
2906,14,10.58669288630573
597,5,6.942545693394664
1393,8,9.398672362649448
1758,9,11.289990631072408
2552,8,8.357569444444445
3646,10,10.523028099053498
2016,9,9.639763081552783
1695,11,12.48194757289494
644,10,10.919207493894994
2441,10,9.308938922510581
2362,6,4.21
310,8,10.232325817860302
3008,10,9.940040595369544
270,8,9.395142800395329
943,10,9.24784523809524
1130,15,12.7270927965896
3614,7,7.812839912280703
2274,10,10.729391395529294
3122,9,10.29748289446866
2678,9,8.712444805194806
326,13,12.270761867075917
207,6,7.00682441643324
1439,9,10.199404761904763
1699,9,10.011464541187904
3002,7,8.22850132689901
3003,9,11.624339258834084
401,8,7.857002347230065
811,11,12.074984376286798
3076,9,9.47428391969998
2941,8,7.865425919339159
3744,9,8.948338297729716
3007,14,12.62882991220475
3373,9,9.078478076739243
1567,12,11.374585939575484
2169,7,8.746619232311902
1661,10,8.754056532356532
433,8,8.166511150764439
3099,10,10.01392162004662
2543,10,10.602474765271811
669,10,11.160968129764267
2340,6,6.49897095959596
3048,11,10.749821706071707
13,10,9.569507647489665
3454,7,8.74113081660967
778,5,5.982666666666667
1385,20,14.675518925518924
624,5,5.595
3699,8,10.30703204191033
1483,13,16.45587393162393
2080,11,11.393295093795096
2473,6,6.2519015151515145
1964,9,10.097977727639583
2389,10,10.984126634495448
2137,7,12.866936686120896
3872,8,8.737041641870283
819,8,9.35701995411278
747,6,6.881393923230692
1069,8,8.165035497559165
1754,8,8.308289540760232
3635,10,8.839500000000001
3739,15,11.77639047429179
1090,9,9.19664638837166
37,13,8.431793253968253
2028,21,12.236822649572648
1538,9,10.963037492398907
3390,11,9.198133333333331
1878,10,11.17697446514838
78,9,10.961556818181819
1855,9,9.4329305196719
1621,10,12.767326358363857
2142,8,7.935482924482925
2737,9,8.169614524364526
2446,15,12.669747076023391
3534,7,8.36173611111111
591,7,7.361041666666666
3314,9,9.324586794206471
1959,9,9.968738498878139
83,9,9.15434367715618
2933,8,9.829771079586909
2111,8,8.784194343229869
1985,10,10.579942227122826
2411,15,14.938779761904762
2643,8,11.595309322460485
2381,13,9.758997252747253
743,12,9.954744995963827
1245,5,6.786416666666667
1990,10,11.754495351788643
247,12,10.599267883728977
3213,11,11.518411670861585
1365,10,10.97704020979021
422,13,10.38748171368861
1147,7,6.942215062358525
2743,5,6.719673769266162
3214,9,7.031751332884933
2967,15,13.32255855033713
1031,11,7.510541666666666
241,12,11.547988056736335
435,8,9.856199541968978
3430,16,12.2500702131331
3822,12,11.491745814530296
3130,11,11.880188714063713
2924,7,7.5171401562863345
2311,9,8.760996664809278
2524,6,8.408849082934609
1301,16,14.537599206349206
512,12,12.819296101408172
2219,9,9.193293650793652
3667,10,11.18695677923738
3563,13,12.931125000000002
2454,8,12.075716695434089
2965,15,11.12233618367797
180,11,11.183806764517678
602,10,12.016051226551227
3018,13,10.955785973084888
1980,8,9.944289890948916
3767,11,8.785646619477458
2122,15,11.27871082196389
1731,10,9.832502946287013
1546,11,10.949809745809747
322,10,9.263616565452093
102,13,12.37704059119249
2484,11,11.053901018468146
22,6,7.487265476190478
438,6,9.226385840418166
3368,10,11.284194523659918
1332,8,7.645555555555555
2342,5,5.865
1890,15,15.737349206349206
128,10,10.768306875345093
2568,9,9.123290603075088
2368,6,7.7310530303030305
1888,10,9.794534385176688
226,10,8.875287926826134
3269,7,6.17185347985348
2416,7,7.168183612249688
1557,9,9.007322976810437
3234,11,11.557315436863618
3738,11,13.198558042834357
3527,12,9.368801838804579
3295,18,17.22
3082,9,9.413663714556165
1570,10,10.207029741696498
3222,8,7.518516171948607
2115,10,10.310526134875351
2286,10,9.980377786493866
3449,10,11.625372168039853
3683,7,8.766255003692617
2682,11,10.303455676932531
1549,17,13.838025554775554
822,15,12.692613863260924
3774,9,10.648304395210214
2481,8,7.306923154756322
3726,14,13.125815332815332
196,11,13.387958793359958
1337,8,7.167263616434716
3471,11,11.188525903968264
3384,9,8.515202649362132
231,15,13.29905273060273
50,8,8.825851902483482
1822,10,12.39866535701919
1912,8,7.627051963162484
2395,12,10.322526196317895
3357,7,8.65229502997003
1588,11,10.452133075951565
2702,10,10.04633088235294
850,7,6.27
1894,8,8.928207567587735
96,8,6.388333333333334
1866,10,9.84781520045609
2472,14,10.519705899560693
683,10,9.181620634920634
3521,8,9.596958872268083
1178,9,10.920935236713651
1117,7,6.478637672078748
3618,5,6.001625000000001
1019,6,7.090089673379687
3218,10,12.965593833271312
2226,16,12.670875457875452
378,7,9.202064122470864
568,10,13.193915785307775
916,10,10.875260515528607
1640,5,6.635291666666667
120,8,10.0599917645344
3396,5,6.3261108735848435
389,10,10.62758209102571
1476,8,7.22019289132649
66,11,11.087740166767349
515,10,11.005470740931418
3333,10,13.637893443464304
263,8,8.637457739747441
730,20,15.092136904761906
2721,10,13.769288759689921
3695,7,8.507291666666667
2486,12,9.509491666666667
511,9,9.952992460142397
1898,6,8.1775
2794,11,11.831616960927244
2018,11,9.454362475990193
2841,8,8.239814635130637
2601,10,9.73613654814806
1488,10,12.014982492997198
258,6,7.019967789467566
1336,9,10.02422585566607
1926,11,10.03362698572729
1928,7,8.393781068585788
2659,7,7.865585443433828
2734,5,6.171833333333334
997,10,10.06691855906148
1466,8,10.809330884884098
3544,9,10.500500158039097
1762,14,13.40298639371381
2154,16,16.75
2599,9,10.563676574719755
1864,21,13.336835826143753
2315,6,6.342500305250306
1464,9,14.582340007215008
570,7,7.305850192506153
1978,10,11.256182099663622
428,11,9.733235941346235
3758,11,10.786483500857921
2927,14,10.96965542790543
1785,8,11.241304383116885
2408,11,11.145480535030106
1374,17,13.941997963841716
201,9,10.394685439934683
194,12,14.02694420148832
2205,13,12.792396280953346
138,6,6.649895247836324
3731,9,11.02271250971251
999,9,10.225282597722236
2780,6,8.071060169167517
1919,11,9.874782218709093
3659,6,9.762349170441883
2038,13,17.613333333333333
2762,7,6.795951504660183
1442,6,8.792389254385965
3791,10,13.452976190476193
3700,10,9.854333333333335
1498,9,10.977916666666667
2816,11,11.870958015291313
3151,6,7.983472739608411
2031,9,9.388492063492064
2425,9,11.180331512554995
2152,11,10.335289774759028
3030,9,8.913224426544444
799,12,16.63941666666667
1502,13,12.478604166666669
3358,7,8.301429215778196
454,10,11.14124863187248
377,5,4.755
3342,7,8.87276802408753
215,10,10.223404747213571
478,10,9.344622873348358
2066,12,8.620819047619047
981,7,6.409095230062336
2075,10,9.112660795914405
1678,13,10.891354484051378
2253,10,9.439885298820517
2864,4,5.11
3322,16,12.664568681318679
3654,13,12.683969834345222
2910,11,11.448409345922277
2114,8,7.888689309447883
1242,8,9.296820998446
2123,12,10.955350149850151
3186,8,9.95608655356082
572,10,9.257300127983104
3107,13,10.4775
2572,12,11.84737829603077
2501,12,9.617547082611418
2971,9,10.349217418546363
1870,19,14.93389553429027
3209,8,9.550901331555922
3431,4,4.73
1291,11,11.70935396421521
1858,11,11.321804250230294
229,11,12.358382352941176
357,9,8.447589285714285
2836,10,10.434287451256147
1938,10,9.994432511269412
3022,15,10.56230769230769
3759,10,10.64665704289468
945,12,10.697368897033599
3729,14,11.336203046953047
1726,10,8.562555120805122
1417,11,11.196815887815887
434,10,10.06577915240943
2874,9,10.094553116283405
299,11,11.896935291885738
2595,9,10.483720626307337
188,8,10.584961260753635
2978,8,9.355990163572061
3824,8,9.76669121278332
1010,10,8.639575720256754
869,8,9.674140873015872
1751,10,10.984746964324694
2299,4,7.769285714285714
2361,10,10.599241069461655
603,10,9.843811957318895
443,10,10.951549225901022
1282,11,10.013384862259308
340,7,9.696302390660968
3146,5,6.951616466866467
3036,11,10.729310831849544
339,8,7.932887471471149
1087,11,13.362269647019648
2602,11,10.6935818171594
565,10,9.488973485098484
356,11,11.559816867265056
1481,11,10.638843929930395
1834,8,7.66873015873016
444,7,6.883684726874432
1999,11,10.18231958886609
329,10,9.483547782970385
2374,9,11.049114356561358
1187,9,9.05977773870866
2156,10,15.01986111111111
446,5,4.94
3221,9,9.53303664417381
2143,9,9.375492944952866
1214,23,13.467878787878787
3329,9,11.329985783913262
3692,9,10.74698844932168
1860,8,7.2626914780996445
2006,8,8.363080184940305
3031,10,10.64940240003918
2178,8,8.241071428571429
2688,11,12.1170758363392
756,10,10.473696561795096
91,9,10.436021281973263
3335,9,10.005909035692314
2495,12,10.731640060910822
3401,9,10.31580393876849
675,13,14.824440115440115
684,12,12.333885442236081
3244,12,13.065092081529581
3607,6,7.7462785441494395
2789,8,8.192931902093434
3304,8,9.42055439162698
845,9,7.891952380952381
843,13,10.658431378486052
3087,17,12.235756375568874
2112,13,14.753023199023202
2838,16,13.979166666666664
3600,12,11.525248684551318
3364,7,7.519519785265886
1194,9,8.970535714285715
48,9,11.143067515355012
508,10,11.788102941176469
1670,11,10.328603580900628
871,9,11.365442221247303
2060,10,11.270080631115977
1803,10,8.788458333333333
2679,9,10.100375315825694
2042,4,3.93
2579,8,9.213189944762526
779,5,5.962166666666667
3644,11,10.73338906098491
2358,8,10.319809362093844
3825,10,12.670798558897241
1799,8,9.671007326007325
784,12,11.854206197794433
1199,11,10.744719084426585
2471,10,10.716093452765255
2392,11,11.924987662130675
2021,11,9.95149204551123
3194,9,11.468332522378256
3642,14,12.929598567039797
1910,14,11.187136585636583
2986,17,11.875341517400727
2139,18,11.104935897435896
3687,9,9.802671066614979
2980,8,8.919127329192547
685,9,9.767999999999999
1294,10,9.608478458584315
295,18,14.99618181818182
4,6,6.787218874643876
2046,10,11.362103301790805
3323,10,9.846446292089007
2249,18,12.372175536881416
1657,8,8.764792890629058
1065,8,10.642014410772804
3201,4,3.895
2563,8,9.085503982573492
5,8,9.451024763440632
2851,7,8.213875
2004,8,10.266171176046178
2413,11,9.695168692740351
1659,10,11.515486331339009
1792,13,11.122545013362139
2091,18,12.519010379374153
1480,10,12.511190009337069
623,11,9.838650970570734
2002,10,10.990797747209008
652,8,8.802739434607442
1237,9,6.625514295455371
2127,12,10.319934258864675
607,7,8.89403825872926
3405,13,10.457004850438265
949,11,11.383121922205007
3013,7,8.609383862433864
1386,17,14.111309239006609
439,5,5.983625
2331,15,10.697743478743478
3689,14,15.405208333333334
1530,11,12.781024003859919
2628,11,15.131573252688172
3366,11,10.18834583483135
875,10,11.63654135672161
2887,7,8.79608543417367
1784,10,9.441866025727313
667,11,10.757935777664606
3440,10,10.353887536619082
1472,12,9.381606201348086
815,10,10.880343531468531
1103,9,10.713863532748615
3035,13,9.2692264421375
3135,4,4.64
2483,7,8.88845506702516
2351,11,10.391561779124128
1582,7,6.878369661125318
3615,11,11.227023322672174
1706,9,9.256988472941394
1881,14,12.471434782608695
1967,4,4.585
2998,9,11.51085481302585
1511,19,11.953186147186148
269,6,10.215
2870,8,10.471922276956759
2514,11,9.850234024809016
1465,7,9.854310968290735
1151,12,11.870244439648854
3457,9,9.359514240145819
1548,9,9.824707800661962
445,9,9.109467780026991
654,6,4.835
1946,9,7.916427600704559
995,15,15.25176851851852
2168,12,8.912973549284345
903,12,9.327303193882141
1334,9,11.533023697540521
691,12,11.267471600663727
3888,8,9.138114405915124
2513,8,9.038541666666667
236,10,16.26708078847481
3391,10,15.259064830637197
2747,11,9.729196428571429
633,7,6.654607673345174
2377,10,11.516290495359645
1861,13,12.486178617657766
718,5,7.6645224908935905
71,6,9.837619047619047
487,9,12.05438371869651
2594,8,8.630275425090275
842,11,10.026710704906513
3764,11,11.402664363414363
24,9,8.712429213239432
1223,18,16.423125
1003,12,11.401915321148516
1871,8,8.469948920221743
791,6,6.0075
526,9,9.063136363636364
1620,11,9.77397793658677
712,11,15.656726190476192
2023,12,11.873605760967799
991,7,7.699959072179597
3393,16,16.54611111111111
2068,10,9.679801452833424
3125,10,10.845470631568952
3724,8,9.939035714285714
1392,10,10.048348328718168
3054,6,6.806237756606138
574,7,8.14013749418924
186,7,8.14521723305682
1596,11,9.061670180158728
1411,5,5.15
868,9,8.434665922731925
566,10,10.438260244544727
3113,13,12.259990376947613
1012,13,11.705634655150611
922,12,11.320489376523858
1513,15,14.429702380952381
1932,9,9.615919278716119
3370,7,8.139992556857798
1324,10,10.585
3807,10,9.228332898889327
733,11,10.967377919598588
1767,14,10.0748240635998
485,11,10.838782054971313
1034,10,9.41034461152882
1355,9,8.952703981529853
124,9,9.172247093428014
1412,10,11.463728229655649
1580,7,7.572300911808427
436,7,8.765317841235476
2064,12,12.396143743174994
2007,8,7.7218634375972615
1637,10,11.336472742196221
2542,7,10.339654761904763
328,17,13.398464285714288
1933,10,10.385593854988356
221,6,8.011902551269769
16,10,13.887703268588137
1495,9,9.33671750161228
968,5,5.34
289,13,11.787484973481686
1271,14,10.73969481786765
2280,12,13.292307692307693
1135,8,6.947705012146089
1908,6,14.524554625199363
1358,10,11.481953192640692
2462,11,12.151859274630509
3617,8,9.073616471734894
157,9,9.78895821292412
1865,10,10.329173378969994
885,6,7.922527274601544
2052,6,8.354571428571429
1321,11,13.806308572146806
372,8,6.414442765567766
1428,5,8.495952380952382
154,10,8.866869976076554
2467,11,9.72934576242471
3869,6,6.88717056878307
3268,15,12.856138334640072
3462,8,8.388589991530209
81,13,12.519401493930905
358,9,9.125775058275059
3312,6,4.28
381,6,7.197722498335
243,12,9.394224206349206
1057,12,8.843972604433773
855,13,11.266978163321856
2073,10,9.409163461538462
1996,11,11.440871186274764
1377,12,10.925315448276057
176,8,8.649271916621053
841,9,9.265471106333802
3217,8,9.86189241081499
2213,8,9.468130341880343
3024,10,9.325864982578844
643,15,11.509564596989668
581,11,10.888074220720517
2848,7,7.648333200356028
1906,4,4.56
1431,9,9.988877468936291
3756,7,7.565967647902146
3293,9,10.548663061639607
131,10,9.59612057550293
2823,9,9.575237398148234
3882,7,7.613806381425258
1671,12,11.89510919133063
2611,7,11.7257656591725
2419,10,11.994293237570307
3561,9,11.64639152883176
1642,13,11.447580135554055
1143,6,8.751994047619048
1594,5,7.572895016228183
46,11,11.907790549045409
3184,11,10.380619564970921
3318,10,9.228280777806045
3444,11,11.142251243327717
1813,8,8.917901173140034
2506,9,8.50295776920448
1300,9,11.960345894222057
2818,20,11.330346966384132
1497,16,15.367708333333333
583,9,8.964571731882758
3052,5,6.678964339826841
3072,11,9.993302938836338
2533,11,11.487399118950247
2753,15,12.872166430791433
1850,10,8.218105329964153
3243,11,11.188498915558124
705,9,10.046979307265568
62,7,6.893288770979848
1900,4,3.97
2029,13,13.24286842105263
1384,18,12.652907212885154
2600,7,8.469440523210901
2372,12,12.214715210715212
2189,10,9.181654761904763
2625,10,11.558844159691716
3410,10,8.873712924794503
2346,16,17.147152777777777
3504,16,15.975843253968256
2843,11,11.642382149670077
1281,10,9.324499667355086
3307,24,15.7125
1856,6,9.197011755485894
3464,8,8.789113397868565
783,9,10.15317633335345
292,6,5.855
1197,14,13.308416666666666
3419,13,13.036436909581644
3823,7,10.772388118825617
3820,8,8.556677132744802
1759,8,9.08626717938206
2733,4,6.346109848484848
800,9,10.415088875398089
1660,7,4.04
2009,11,9.731421236330304
2751,9,9.315647114517823
3660,11,10.964000245340667
801,6,6.258875595238096
1286,9,10.44634818258834
3139,9,8.414375
1156,11,10.339149872721613
1954,15,11.092811244432953
2125,11,9.555341993535253
3875,9,9.920717063568828
1329,11,10.09629684356662
190,9,10.14867763758054
2827,16,11.564875402863288
2417,9,10.969761904761903
2233,9,9.59812982602828
918,10,14.654099206349208
2128,14,13.93449237472767
1764,9,8.0525
3836,7,7.592125603864735
1806,15,9.710223886236408
1837,10,10.346463198767983
3868,8,9.293133215058665
3237,10,10.052417096790768
219,10,13.702474358974357
1060,9,10.807950406670665
2697,7,9.229907670760612
2434,15,15.489285714285714
2899,9,9.098442258389747
1369,7,8.746440175946649
760,11,10.79623731813995
2438,8,7.728453889315431
1712,9,8.536750062739193
3592,17,17.32361904761905
1243,10,7.987850849150849
3631,10,10.153622176106898
2044,14,10.789491359539152
2149,7,6.868852478648804
1293,11,10.817626683692035
252,11,12.316199303964009
1379,20,16.265833333333333
3788,9,8.99934065934066
3757,12,10.242020396270396
3706,10,9.93457552372826
2859,14,11.813187707760077
1009,14,9.91307363288053
2581,11,9.0269987515873
3290,10,10.205551057003996
3734,11,13.366923308717425
1490,13,13.880227272727273
386,8,9.681511071074578
2164,10,11.00969398669367
425,7,8.19346036151508
3526,16,14.512729166666668
2460,10,10.29591833166833
469,11,10.995535326133604
913,11,10.882957133661373
483,10,11.537813797313797
771,17,12.303717762786412
3159,8,9.916369948365192
283,10,13.14040812890813
2719,10,10.778891086742739
1975,5,4.42
1272,11,9.431221368321108
2778,3,4.215
2777,9,10.39877613711866
535,8,9.544005341880341
1499,10,9.356055125430126
147,10,11.657286599464383
808,14,12.65548484848485
3703,13,8.910438311688312
1145,18,12.274762806639032
183,6,5.795
2670,10,10.939024479709197
2167,7,8.75058501860807
3232,8,9.188492063492063
1889,8,8.187600108225109
1185,10,9.128633981414524
1387,9,8.96879904321843
114,10,10.959350626252935
395,11,12.439404761904763
2797,9,9.937606842579545
2970,8,9.8315821809069
134,6,6.904427516927516
350,9,10.253987754381967
939,15,10.665084264045399
714,13,12.49759883825325
1114,15,11.102505827913918
1983,6,7.455111923286191
2773,9,12.208591322677721
457,9,8.446279761904762
3808,5,4.865
2071,11,9.31562853812854
2298,9,9.953986111111112
3750,9,6.783681306326973
2746,7,9.813297008547009
977,6,5.625
761,9,8.841750348831079
3053,9,11.281990138445783
834,10,9.755355474998858
477,10,12.429023300229181
3001,15,12.356654509317675
3163,11,11.06506957478071
901,5,4.005
264,10,10.877665412628069
1208,8,7.422599206349207
1755,9,9.533145663052977
2047,11,10.371380952380953
167,10,9.42794274067436
1269,9,10.0816739364854
1368,10,10.120555555555558
1456,11,12.533947091826196
3818,17,12.199953976578977
1067,8,7.971969696969698
2453,9,8.875232635537284
3565,8,8.782990841836748
536,13,13.285727450857962
1134,2,4.015
3657,11,9.043118629908104
9,7,8.427186111111112
1609,12,11.522484070220314
3533,9,10.110861528822054
1066,9,10.38923784305781
3227,6,6.477200158155052
2640,8,7.224148493567387
1958,6,6.39254851143009
2847,7,8.97383577204904
3158,7,9.512960479616673
218,11,9.13882648163894
1927,9,8.387345944428295
3515,11,9.83714268223793
2086,9,10.848934041458909
1406,11,10.566038115211896
2348,7,8.001041792640176
1886,8,9.288758942174384
525,8,10.41603935775987
580,5,4.085
2987,14,10.643819003061612
3530,12,10.038709807130537
132,6,7.042066664382741
1268,11,10.167792794162361
27,12,10.499650991868437
327,9,12.712984819964932
1524,7,8.241950867699574
844,9,10.199651057789014
3387,8,10.81367287349252
3365,12,11.215075696460856
1883,10,11.94745960808279
1081,7,8.810104983512673
3206,13,15.224235840548339
276,8,9.697237387666407
2857,7,8.74040238927739
1188,16,11.838921471325568
2033,10,12.245913294596905
2570,7,6.599078148269224
3477,11,9.907075342156462
768,6,8.642672163362954
529,6,8.197421622237412
3605,5,6.143026098901098
1356,5,4.565
383,14,13.19568671679198
3284,15,12.2634011299871
2103,6,8.393931966895444
3493,6,7.422157468106607
2561,10,12.239435850097616
2741,12,9.417356532356534
1663,11,11.223372744413899
466,7,8.435514492753622
2812,9,8.433783816539322
2464,11,10.247700774950236
3136,7,8.909613095238095
3748,14,11.887190682124892
2571,11,12.123928571428571
3795,8,8.208467618088328
3223,12,10.144709006275356
3583,9,10.448908864419893
1036,20,14.299858737753475
3246,7,6.876177597973923
2166,7,7.508174548093893
2036,10,9.866309112341378
2801,10,11.301695444844606
3225,11,7.484708333333333
1471,8,9.407478947368421
3806,9,10.216361575924072
1698,8,9.736551618111873
2646,15,13.425686204032536
3623,10,9.321378968253967
2369,15,15.731833333333336
323,7,8.64413299924713
1209,8,9.506260293212694
2129,11,13.046580631462152
1399,11,9.413814049115793
2908,9,8.776304377500368
142,8,9.528241854822737
2846,9,11.701964919339918
36,7,8.058423442064544
1230,9,8.57492803030303
1154,8,6.285
3587,8,9.346467749712914
2255,10,12.025066977659316
248,8,6.916085045006144
3889,10,10.815854295334344
2532,7,6.650361782974058
1238,10,10.017079771007703
227,20,14.2675709192768
651,8,9.07260742172685
2041,7,7.598819444444445
888,9,11.053836756243607
195,7,7.10118126587171
3476,10,11.797868114611347
3183,6,6.5636230158730156
595,10,11.548617291099688
3685,12,13.036404516265861
763,11,11.270411429991483
891,12,11.405039787744848
1540,8,8.153260323211411
470,9,10.417631187037754
840,13,12.311641978391979
2523,9,9.136489348631128
1126,12,11.971381538345579
2898,9,9.62460841927085
3878,8,9.321421743697478
1278,12,10.787675311888547
2428,10,11.570813966735018
1563,6,7.604119047619048
1350,20,13.021132684652807
3017,11,11.937851966758187
1655,6,5.235
109,10,9.570161474507522
686,11,10.100533966990863
2352,10,11.826389116065384
28,11,10.717786025213186
2024,6,6.169202380952381
3073,14,12.488834145021645
3395,10,7.860833333333333
3279,12,9.898386622435536
2188,6,5.8975
1608,12,10.098921418159312
2582,16,14.573970238095239
1421,10,9.203359289140483
2237,9,10.114358699006713
1720,10,9.021280303030302
119,7,7.2490942572649235
1931,8,9.622013990798473
3851,7,9.849316310336555
754,10,9.819831972636928
101,11,11.123342797366606
589,17,16.92
1593,15,12.846449529747314
2347,10,11.406531121656121
1310,6,7.971821428571428
1787,13,10.057378478601759
2015,8,11.547022005772005
2541,11,14.377109102885418
2195,7,8.178036685536686
296,14,9.740478489346911
729,8,8.645050682308835
1018,6,9.060612381468099
2551,7,8.499803453792584
1251,5,6.513068906227073
3862,16,16.278003663003663
2956,9,10.403773809523809
1284,10,7.595068838378335
3140,8,7.9097083333333345
1628,14,12.005770657704868
1868,10,10.08119494096738
1415,11,9.322778243793529
2187,12,11.14048611111111
812,6,6.300083638583638
3728,3,3.685
1775,11,10.458883464057884
1884,19,13.4658120023798
1146,18,13.943135912698411
610,12,12.125384878193701
410,11,10.28805124190583
2294,8,9.031699624329143
3866,13,14.636862503480922
3834,10,11.382142033491105
21,11,11.129652407917986
3669,10,10.995959285300705
3355,9,10.92682689203291
2081,10,12.715339242714629
907,7,7.997376815000857
632,6,5.473
3554,8,8.87310505761009
2171,10,9.560130273838267
846,10,10.438333276108338
2767,11,10.954260604509782
1053,17,13.477173046251995
2844,3,4.29
1721,7,8.105330491210172
1550,8,9.641134845585832
649,7,7.560103642945749
3751,11,11.09103369047588
3262,4,6.464109848484849
1316,5,6.216944444444445
61,6,6.796942897692671
41,5,6.206279761904762
202,8,8.034972930374888
3569,14,15.29785714285714
2508,11,11.104777929300376
2165,10,11.294945717400827
3496,10,9.583243437118437
571,13,11.62567597502067
3414,8,10.580458782700205
1902,11,10.381599751670251
795,6,5.586
3292,7,9.23929365079365
2307,12,11.748485275162693
2534,9,10.25195116241719
1437,4,6.091666666666668
1635,9,8.798525708173317
2019,6,6.327196474578053
3743,12,9.46269588733588
2279,9,8.932043220601903
2457,17,14.445423611111114
1467,9,11.25198239251263
1704,14,11.272323150494614
1641,4,4.275
224,16,10.015375
2410,11,9.953752388224196
3101,12,14.314012873091821
3609,16,14.543901596608118
3672,16,10.6575
3722,10,10.066332513259033
1839,9,9.015282243246514
1905,9,8.604885391509098
3611,8,7.064119633416632
2275,10,11.34447050865801
863,13,10.563352786102786
1718,9,8.2075
2257,15,10.248170279200874
2183,10,12.348010269621684
3421,13,13.746637302340293
3417,8,12.797645833333334
203,6,6.221601495726496
820,9,7.416237013884808
3487,9,8.85272220834721
2170,7,8.841904761904763
2191,9,8.690398139755846
2241,11,13.615477822478365
1335,12,9.430950396825397
634,10,8.98006266219568
2058,9,9.651085995266918
3436,13,9.157197681704261
1781,9,10.241820914208185
1533,9,9.20532541039747
579,8,9.575420547407367
20,7,8.857815873015873
2119,12,14.732798611111109
2919,12,11.898520417082919
3518,13,12.043786456082735
42,11,11.571883325213685
1584,9,9.96392567155067
640,10,7.902796536796537
2463,10,11.766277777777777
1042,11,13.771985906637223
1672,8,9.088009153546356
416,11,12.03334387351779
2102,7,9.614321472995558
3763,15,13.668639496276276
1438,8,10.847550475262967
1360,11,9.304070299145298
3311,10,8.659120192307691
324,11,13.885117923742923
366,11,12.954988933452166
2896,17,15.895
2950,12,11.606028496343626
2197,7,9.70647531512605
1445,7,7.453193223443224
3382,9,9.826614219114218
105,9,8.548847256071236
1625,11,15.362142857142858
2337,4,4.235
1716,4,4.98
213,18,14.274185185185186
2426,12,10.178579545454545
3453,9,10.126196078431374
1389,11,10.839309254471019
3765,6,6.901459780415662
1969,9,9.061154729561627
1168,3,4.495
2032,11,9.851454873814953
601,7,8.133666666666667
3075,12,13.159360592647625
3291,8,8.853784445370614
1342,16,13.30320542635659
1859,10,7.839708333333333
2519,11,10.520463110786855
926,9,8.939071224763893
767,9,9.854420376227399
2439,9,9.51164204080022
1667,10,8.7918672993673
1725,7,6.348282772782772
130,14,10.776214285714286
2913,15,14.69422141053391
1770,7,8.221276397515528
2604,10,12.065581095199198
724,8,6.426904761904762
2287,10,10.54243861527667
1486,10,12.015218246869411
1569,8,11.040196260276229
468,14,12.81762851037851
789,4,4.69
2475,13,12.91744607013357
77,13,13.90230357142857
1952,11,11.050110114833963
1520,10,11.051202520813076
816,10,10.856826456087486
3717,20,16.116590367965365
1915,7,6.947608937467761
1083,14,12.610294871794872
821,13,13.641747807017543
67,9,9.553028443778448
365,6,5.485
1669,11,10.886612218246444
1330,1,3.715
347,9,12.07392376065387
3412,11,11.490922003284073
161,11,11.205021704355913
3128,10,11.476105415539626
2984,9,10.23285251786549
1161,9,9.165405408132441
1331,12,14.252018518518518
3378,11,10.828186143473324
1252,10,11.81055660498366
3111,15,10.540035893364292
1802,8,6.788391188111856
1880,7,7.719542439638107
957,12,12.642071905137259
1200,9,9.276270346765022
2536,9,8.9295
2792,10,9.455674897041012
3576,13,13.367908101907581
2005,9,9.732301976204882
1786,13,11.590107135758299
1708,10,9.913141629964304
317,18,11.504534434498256
3102,11,10.917327683014996
3330,13,10.51209363563069
870,6,6.690260931307256
2499,16,11.545343830496305
301,15,10.275689935962733
1649,13,8.97178314642419
2653,12,9.36517200854701
3047,11,8.099575757575758
1745,6,6.290838554720133
3027,18,14.35044708994709
369,9,9.06824428654363
2244,12,10.199230041015372
3589,10,8.14
538,11,12.710555555555556
1568,14,10.908399549999439
1038,4,4.075
1215,8,11.611706299067134
1122,12,11.546514559242498
902,9,9.534046871562763
1893,19,17.000611111111112
242,10,11.929666318527563
2550,13,11.614153019254674
342,6,6.261833333333333
3793,8,8.26585345460062
1841,9,12.22294430634212
2445,9,13.796666666666667
532,6,7.576527656642875
367,9,10.334278846103489
187,9,6.810955374547479
1266,16,12.344194347319348
2703,9,10.687809019060442
1869,8,8.330498121250116
2121,7,6.865511896729003
253,6,8.42854939322319
1403,17,12.551510137147218
2087,12,11.205271659577297
3124,7,8.51375
3579,9,8.962632225905125
1131,6,7.028168219090219
1426,9,9.222940476190477
2547,5,4.53
1793,10,10.26138401732607
2215,9,9.232473346098347
2300,9,9.91847605318658
534,10,9.802539682539683
3399,7,7.929631137682771
3805,8,10.453725793257936
234,5,6.52820999468368
3347,10,8.751378968253967
3540,6,6.612606676218518
1035,6,8.673512464546947
2517,11,10.153929290872686
978,7,6.647006151085758
1742,10,10.473935542523755
564,9,10.765961538461537
320,9,9.878738433082264
1224,7,6.333921005412082
2466,8,9.171770225236834
3861,9,10.672128427128428
397,13,14.731697954822954
2901,16,13.156596037196678
1241,7,7.552628787304529
3166,10,9.981419951393635
676,13,6.259976315351317
2576,10,9.46234762073508
3238,7,8.886605750830704
1639,9,10.930595670505964
2268,13,12.220410714285714
1512,13,12.795051668177061
1552,9,10.47134667220639
151,14,11.419989816251638
3852,6,6.677363486595105
313,8,9.77193413850159
3152,11,8.552523809523809
2391,7,6.7883974886023815
467,9,6.430869047619049
3847,8,8.678115910361562
